S002 1 1 1 2 2 1 315 minyao
S003 0 1 1 3 2 2 630 Yujie99
S005 0 1 1 5 2 2 630 daniel05
S006 1 1 1 6 1 2 105 Adam99
S007 1 2 2 1 0 1 210 daniel05
S008 0 2 2 2 1 2 315 Adam99
S009 1 2 2 3 0 1 210 Mrloh22
S010 1 2 2 4 0 2 210 my1238
S012 1 2 2 6 2 3 315 Adam99
S013 1 3 3 1 0 1 210 samuel05
S015 0 3 3 3 0 2 525 my1238
S017 0 3 3 5 1 3 315 my1238
S018 1 3 3 6 0 3 210 samuel05
S019 0 4 4 1 1 3 315 Mrloh22
S020 1 4 4 2 0 3 210 Mrloh22
S021 0 4 4 3 0 3 525 my1238
S022 1 4 4 4 1 1 105 zhenhern
S025 1 5 5 1 1 3 105 minyao
S026 1 5 5 2 0 1 210 alston1
S027 1 5 5 3 2 2 315 alston1
S029 1 5 5 5 0 1 210 zhenhern
S030 1 5 5 6 1 3 105 alston1
